A		MARBLEHEAD
B		OBSERVED_EDITED
C		STAGE
E		
F		NOAA
Units		meters
Type		INST-VAL
1	12Jun2015  0000	174.388
2	12Jun2015  0006	174.384
3	12Jun2015  0012	174.377
4	12Jun2015  0018	174.384
5	12Jun2015  0024	174.369
6	12Jun2015  0030	174.371
7	12Jun2015  0036	174.376
8	12Jun2015  0042	174.357
9	12Jun2015  0048	174.347
10	12Jun2015  0054	174.370
11	12Jun2015  0100	174.404
12	12Jun2015  0106	174.400
13	12Jun2015  0112	174.421
14	12Jun2015  0118	174.423
15	12Jun2015  0124	174.435
16	12Jun2015  0130	174.427
17	12Jun2015  0136	174.415
18	12Jun2015  0142	174.424
19	12Jun2015  0148	174.442
20	12Jun2015  0154	174.455
21	12Jun2015  0200	174.454
22	12Jun2015  0206	174.477
23	12Jun2015  0212	174.472
24	12Jun2015  0218	174.465
25	12Jun2015  0224	174.490
26	12Jun2015  0230	174.503
27	12Jun2015  0236	174.485
28	12Jun2015  0242	174.489
29	12Jun2015  0248	174.457
30	12Jun2015  0254	174.482
31	12Jun2015  0300	174.464
32	12Jun2015  0306	174.456
33	12Jun2015  0312	174.434
34	12Jun2015  0318	174.453
35	12Jun2015  0324	174.479
36	12Jun2015  0330	174.469
37	12Jun2015  0336	174.476
38	12Jun2015  0342	174.474
39	12Jun2015  0348	174.465
40	12Jun2015  0354	174.432
41	12Jun2015  0400	174.457
42	12Jun2015  0406	174.449
43	12Jun2015  0412	174.482
44	12Jun2015  0418	174.507
45	12Jun2015  0424	174.498
46	12Jun2015  0430	174.503
47	12Jun2015  0436	174.509
48	12Jun2015  0442	174.498
49	12Jun2015  0448	174.508
50	12Jun2015  0454	174.473
51	12Jun2015  0500	174.491
52	12Jun2015  0506	174.514
53	12Jun2015  0512	174.529
54	12Jun2015  0518	174.534
55	12Jun2015  0524	174.502
56	12Jun2015  0530	174.499
57	12Jun2015  0536	174.481
58	12Jun2015  0542	174.475
59	12Jun2015  0548	174.457
60	12Jun2015  0554	174.467
61	12Jun2015  0600	174.480
62	12Jun2015  0606	174.512
63	12Jun2015  0612	174.520
64	12Jun2015  0618	174.506
65	12Jun2015  0624	174.510
66	12Jun2015  0630	174.495
67	12Jun2015  0636	174.514
68	12Jun2015  0642	174.501
69	12Jun2015  0648	174.504
70	12Jun2015  0654	174.507
71	12Jun2015  0700	174.532
72	12Jun2015  0706	174.500
73	12Jun2015  0712	174.516
74	12Jun2015  0718	174.531
75	12Jun2015  0724	174.521
76	12Jun2015  0730	174.530
77	12Jun2015  0736	174.537
78	12Jun2015  0742	174.504
79	12Jun2015  0748	174.536
80	12Jun2015  0754	174.540
81	12Jun2015  0800	174.550
82	12Jun2015  0806	174.525
83	12Jun2015  0812	174.534
84	12Jun2015  0818	174.532
85	12Jun2015  0824	174.538
86	12Jun2015  0830	174.523
87	12Jun2015  0836	174.540
88	12Jun2015  0842	174.532
89	12Jun2015  0848	174.539
90	12Jun2015  0854	174.567
91	12Jun2015  0900	174.589
92	12Jun2015  0906	174.575
93	12Jun2015  0912	174.563
94	12Jun2015  0918	174.562
95	12Jun2015  0924	174.557
96	12Jun2015  0930	174.561
97	12Jun2015  0936	174.575
98	12Jun2015  0942	174.538
99	12Jun2015  0948	174.506
100	12Jun2015  0954	174.475
101	12Jun2015  1000	174.516
102	12Jun2015  1006	174.508
103	12Jun2015  1012	174.513
104	12Jun2015  1018	174.513
105	12Jun2015  1024	174.517
106	12Jun2015  1030	174.542
107	12Jun2015  1036	174.516
108	12Jun2015  1042	174.515
109	12Jun2015  1048	174.523
110	12Jun2015  1054	174.487
111	12Jun2015  1100	174.513
112	12Jun2015  1106	174.522
113	12Jun2015  1112	174.511
114	12Jun2015  1118	174.512
115	12Jun2015  1124	174.497
116	12Jun2015  1130	174.492
117	12Jun2015  1136	174.481
118	12Jun2015  1142	174.490
119	12Jun2015  1148	174.480
120	12Jun2015  1154	174.477
121	12Jun2015  1200	174.478
122	12Jun2015  1206	174.473
123	12Jun2015  1212	174.464
124	12Jun2015  1218	174.444
125	12Jun2015  1224	174.434
126	12Jun2015  1230	174.458
127	12Jun2015  1236	174.463
128	12Jun2015  1242	174.475
129	12Jun2015  1248	174.461
130	12Jun2015  1254	174.471
131	12Jun2015  1300	174.476
132	12Jun2015  1306	174.461
133	12Jun2015  1312	174.491
134	12Jun2015  1318	174.492
135	12Jun2015  1324	174.450
136	12Jun2015  1330	174.488
137	12Jun2015  1336	174.471
138	12Jun2015  1342	174.427
139	12Jun2015  1348	174.432
140	12Jun2015  1354	174.408
141	12Jun2015  1400	174.393
142	12Jun2015  1406	174.440
143	12Jun2015  1412	174.420
144	12Jun2015  1418	174.456
145	12Jun2015  1424	174.467
146	12Jun2015  1430	174.473
147	12Jun2015  1436	174.483
148	12Jun2015  1442	174.475
149	12Jun2015  1448	174.489
150	12Jun2015  1454	174.483
151	12Jun2015  1500	174.456
152	12Jun2015  1506	174.471
153	12Jun2015  1512	174.490
154	12Jun2015  1518	174.463
155	12Jun2015  1524	174.454
156	12Jun2015  1530	174.475
157	12Jun2015  1536	174.435
158	12Jun2015  1542	174.442
159	12Jun2015  1548	174.459
160	12Jun2015  1554	174.460
161	12Jun2015  1600	174.467
162	12Jun2015  1606	174.470
163	12Jun2015  1612	174.476
164	12Jun2015  1618	174.466
165	12Jun2015  1624	174.459
166	12Jun2015  1630	174.454
167	12Jun2015  1636	174.445
168	12Jun2015  1642	174.448
169	12Jun2015  1648	174.437
170	12Jun2015  1654	174.468
171	12Jun2015  1700	174.458
172	12Jun2015  1706	174.474
173	12Jun2015  1712	174.478
174	12Jun2015  1718	174.476
175	12Jun2015  1724	174.492
176	12Jun2015  1730	174.507
177	12Jun2015  1736	174.469
178	12Jun2015  1742	174.492
179	12Jun2015  1748	174.480
180	12Jun2015  1754	174.484
181	12Jun2015  1800	174.480
182	12Jun2015  1806	174.507
183	12Jun2015  1812	174.506
184	12Jun2015  1818	174.534
185	12Jun2015  1824	174.525
186	12Jun2015  1830	174.523
187	12Jun2015  1836	174.510
188	12Jun2015  1842	174.509
189	12Jun2015  1848	174.500
190	12Jun2015  1854	174.507
191	12Jun2015  1900	174.507
192	12Jun2015  1906	174.518
193	12Jun2015  1912	174.507
194	12Jun2015  1918	174.522
195	12Jun2015  1924	174.545
196	12Jun2015  1930	174.559
197	12Jun2015  1936	174.573
198	12Jun2015  1942	174.575
199	12Jun2015  1948	174.563
200	12Jun2015  1954	174.545
201	12Jun2015  2000	174.563
202	12Jun2015  2006	174.576
203	12Jun2015  2012	174.561
204	12Jun2015  2018	174.580
205	12Jun2015  2024	174.554
206	12Jun2015  2030	174.573
207	12Jun2015  2036	174.564
208	12Jun2015  2042	174.562
209	12Jun2015  2048	174.563
210	12Jun2015  2054	174.545
211	12Jun2015  2100	174.536
212	12Jun2015  2106	174.543
213	12Jun2015  2112	174.532
214	12Jun2015  2118	174.560
215	12Jun2015  2124	174.552
216	12Jun2015  2130	174.545
217	12Jun2015  2136	174.554
218	12Jun2015  2142	174.565
219	12Jun2015  2148	174.552
220	12Jun2015  2154	174.549
221	12Jun2015  2200	174.539
222	12Jun2015  2206	174.556
223	12Jun2015  2212	174.557
224	12Jun2015  2218	174.566
225	12Jun2015  2224	174.534
226	12Jun2015  2230	174.529
227	12Jun2015  2236	174.517
228	12Jun2015  2242	174.516
229	12Jun2015  2248	174.527
230	12Jun2015  2254	174.499
231	12Jun2015  2300	174.534
232	12Jun2015  2306	174.541
233	12Jun2015  2312	174.524
234	12Jun2015  2318	174.535
235	12Jun2015  2324	174.522
236	12Jun2015  2330	174.526
237	12Jun2015  2336	174.535
238	12Jun2015  2342	174.539
239	12Jun2015  2348	174.566
240	12Jun2015  2354	174.539
241	13Jun2015  0000	174.531
